"V1"	"V2"	"V3"	"V4"	"V5"	"V6"	"V7"	"V8"	"V9"	"V10"	"V11"	"V12"	"V13"	"V14"	"V15"	"V16"	"V17"	"V18"	"V19"	"V20"	"V21"	"V22"	"V23"	"V24"	"V25"	"V26"	"V27"	"V28"	"V29"	"V30"	"V31"	"V32"	"V33"	"V34"	"V35"	"V36"	"V37"	"V38"	"V39"	"V40"	"V41"	"V42"	"V43"	"V44"	"V45"	"V46"	"V47"	"V48"	"V49"	"V50"	"V51"	"V52"	"V53"	"V54"	"V55"	"V56"	"V57"	"V58"	"V59"	"V60"	"V61"	"V62"	"V63"	"V64"	"V65"	"V66"	"V67"	"V68"	"V69"	"V70"	"V71"	"V72"	"V73"	"V74"	"V75"	"V76"	"V77"	"V78"	"V79"	"V80"	"V81"	"V82"	"V83"	"V84"	"V85"	"V86"	"V87"	"V88"	"V89"	"V90"	"V91"	"V92"	"V93"	"V94"	"V95"	"V96"	"V97"	"V98"	"V99"	"V100"
"eDNA_01"	982	951	968	1013	967	1042	978	1004	1045	1002	969	956	1023	1040	971	978	1019	1009	995	1022	1007	1032	970	985	1001	1004	988	997	994	980	985	1007	1021	968	966	1002	1025	1049	991	1004	969	998	1027	944	996	996	1030	999	1001	973	1000	974	992	1007	986	955	1010	983	1000	1013	983	1012	1014	994	986	1012	1020	988	972	985	1019	1004	989	993	987	1002	1013	1021	1024	981	966	997	979	1013	960	991	1004	997	1003	978	995	985	999	1002	983	1016	1046	994	942	992
"eDNA_02"	4790	4810	4802	4788	4795	4811	4839	4757	4731	4771	4779	4876	4764	4800	4848	4748	4749	4792	4831	4747	4797	4756	4815	4835	4698	4851	4724	4779	4811	4816	4735	4737	4794	4759	4802	4748	4809	4804	4792	4781	4731	4808	4811	4784	4810	4749	4847	4814	4763	4798	4763	4845	4732	4755	4791	4890	4739	4799	4813	4809	4795	4739	4830	4692	4835	4753	4800	4790	4726	4822	4753	4754	4746	4823	4831	4805	4755	4744	4746	4804	4771	4708	4787	4801	4784	4805	4806	4723	4795	4748	4795	4806	4843	4835	4799	4736	4734	4789	4847	4860
"eDNA_03"	2161	2163	2173	2174	2165	2154	2170	2157	2154	2159	2162	2153	2182	2175	2164	2133	2173	2162	2160	2166	2140	2150	2155	2166	2193	2165	2177	2140	2158	2170	2189	2149	2169	2172	2160	2172	2153	2162	2184	2161	2147	2166	2167	2169	2154	2153	2186	2162	2152	2176	2172	2156	2166	2166	2164	2181	2168	2161	2158	2178	2179	2172	2151	2149	2177	2153	2172	2161	2165	2163	2172	2154	2157	2170	2175	2174	2167	2164	2160	2157	2156	2160	2159	2161	2144	2171	2171	2168	2151	2170	2161	2163	2168	2165	2161	2172	2143	2172	2174	2149
"eDNA_04"	3558	3560	3511	3574	3547	3574	3531	3522	3527	3548	3553	3544	3542	3548	3558	3555	3496	3579	3511	3570	3547	3511	3569	3533	3569	3558	3534	3516	3545	3488	3579	3562	3537	3579	3562	3574	3522	3555	3581	3589	3560	3523	3539	3574	3535	3603	3550	3536	3533	3522	3585	3492	3551	3527	3523	3579	3542	3552	3532	3550	3580	3551	3546	3533	3564	3501	3564	3571	3504	3585	3607	3530	3549	3515	3518	3593	3506	3532	3573	3571	3577	3559	3537	3564	3610	3581	3539	3571	3562	3592	3554	3519	3538	3545	3578	3552	3533	3530	3577	3503
"eDNA_05"	910	897	920	895	922	884	911	899	893	872	923	906	924	937	904	872	918	892	861	913	864	858	888	909	871	887	896	918	935	887	918	900	887	914	913	897	899	910	900	882	924	893	938	907	880	896	905	925	881	898	919	872	865	912	910	921	893	918	914	905	898	910	903	912	897	874	910	922	902	888	889	891	880	888	915	905	894	887	870	934	915	915	895	908	890	876	920	875	894	908	916	914	912	873	877	890	872	928	899	878
"eDNA_06"	2180	2207	2170	2171	2176	2204	2187	2163	2151	2192	2229	2211	2239	2202	2202	2219	2210	2191	2149	2171	2197	2208	2199	2186	2190	2193	2198	2156	2186	2190	2166	2187	2243	2204	2171	2187	2211	2197	2208	2234	2172	2195	2216	2183	2212	2229	2182	2181	2200	2231	2162	2191	2209	2160	2180	2167	2143	2244	2256	2192	2172	2207	2219	2242	2192	2217	2171	2194	2197	2249	2153	2218	2227	2200	2186	2193	2212	2283	2182	2215	2188	2213	2200	2182	2208	2236	2198	2168	2161	2190	2233	2198	2249	2179	2212	2153	2152	2183	2184	2221
"eDNA_07"	5267	5260	5314	5242	5364	5240	5197	5270	5293	5273	5259	5300	5276	5283	5374	5282	5228	5264	5244	5265	5253	5228	5260	5242	5240	5325	5257	5243	5261	5231	5265	5284	5248	5262	5238	5237	5317	5197	5279	5246	5217	5297	5208	5282	5255	5288	5231	5295	5307	5295	5274	5275	5341	5216	5249	5275	5172	5285	5291	5253	5284	5256	5248	5245	5297	5244	5283	5229	5271	5280	5205	5271	5299	5206	5275	5218	5191	5293	5228	5304	5263	5239	5238	5252	5237	5281	5187	5317	5229	5331	5244	5217	5329	5244	5309	5191	5270	5340	5225	5290
"eDNA_08"	967	949	976	942	977	1005	957	1014	979	939	975	998	943	930	959	976	979	999	927	954	956	996	941	978	990	967	949	955	960	966	955	969	961	946	946	925	969	940	1007	970	951	961	960	942	961	971	907	985	959	951	955	912	958	927	957	992	1003	984	941	951	967	944	959	984	971	962	967	981	976	978	973	945	967	971	946	970	972	930	945	952	937	947	961	957	969	952	933	1000	958	990	951	972	947	933	953	957	969	949	964	946
"eDNA_09"	1184	1203	1187	1160	1190	1177	1178	1188	1225	1219	1207	1186	1178	1191	1175	1171	1173	1187	1207	1184	1222	1200	1184	1163	1181	1201	1176	1211	1184	1188	1205	1202	1186	1210	1188	1194	1219	1150	1191	1157	1174	1192	1231	1177	1144	1237	1184	1198	1160	1194	1200	1182	1185	1168	1176	1158	1185	1189	1172	1181	1196	1179	1187	1176	1149	1191	1212	1169	1154	1216	1195	1177	1173	1185	1191	1193	1198	1198	1159	1232	1170	1182	1185	1176	1175	1192	1193	1205	1236	1186	1190	1209	1206	1175	1206	1175	1183	1178	1181	1216
"eDNA_10"	1388	1414	1380	1386	1388	1360	1385	1397	1358	1432	1368	1400	1380	1406	1407	1380	1379	1404	1408	1365	1343	1388	1399	1360	1380	1408	1352	1390	1394	1399	1385	1366	1386	1396	1383	1409	1404	1382	1367	1374	1423	1388	1386	1407	1401	1359	1420	1396	1413	1384	1381	1366	1377	1348	1436	1404	1388	1356	1355	1401	1348	1382	1396	1378	1375	1420	1424	1383	1371	1385	1393	1393	1394	1394	1397	1426	1410	1405	1393	1402	1410	1382	1341	1407	1393	1383	1377	1351	1384	1379	1411	1386	1420	1373	1387	1402	1392	1378	1415	1378
"eDNA_11"	386	396	377	402	412	410	375	390	387	382	408	387	374	382	368	416	409	385	416	382	382	384	393	405	386	416	393	384	415	395	416	373	412	381	394	417	389	439	415	385	421	391	395	422	373	414	399	404	359	373	384	405	394	382	387	397	389	402	432	392	384	394	406	411	392	381	397	404	377	419	381	388	382	379	392	409	377	404	404	391	366	388	416	361	411	385	437	407	386	388	384	399	416	395	405	395	380	379	408	398
"eDNA_12"	503	495	511	490	508	523	513	505	525	508	508	503	509	504	504	499	495	490	507	510	504	512	492	508	517	528	507	508	506	500	518	516	493	530	522	513	515	529	509	519	522	520	496	491	531	515	502	512	523	518	481	502	497	515	486	517	499	513	506	515	516	521	517	524	506	544	501	504	516	525	489	505	498	511	529	501	509	528	518	514	519	529	503	509	504	519	517	490	516	525	513	513	498	514	508	490	528	519	524	504
"eDNA_13"	1405	1372	1424	1413	1390	1372	1373	1399	1390	1433	1372	1367	1433	1393	1379	1405	1363	1402	1428	1403	1396	1397	1358	1406	1367	1350	1401	1378	1379	1404	1425	1391	1394	1371	1404	1395	1393	1399	1387	1369	1428	1393	1398	1417	1375	1405	1402	1390	1380	1416	1376	1393	1413	1403	1370	1378	1388	1400	1421	1375	1356	1369	1355	1394	1371	1402	1369	1386	1411	1399	1379	1384	1397	1419	1412	1365	1391	1391	1378	1401	1388	1381	1428	1402	1401	1403	1386	1365	1383	1413	1399	1386	1395	1411	1361	1398	1390	1392	1401	1385
"eDNA_14"	2159	2148	2182	2166	2108	2194	2150	2170	2168	2221	2156	2158	2208	2148	2194	2170	2164	2162	2141	2178	2188	2175	2190	2176	2161	2216	2161	2145	2203	2172	2153	2152	2209	2194	2118	2176	2147	2190	2169	2169	2183	2158	2210	2143	2158	2173	2145	2172	2156	2143	2165	2164	2168	2185	2166	2153	2168	2201	2178	2166	2161	2173	2196	2155	2169	2197	2150	2180	2205	2199	2205	2215	2172	2177	2159	2171	2175	2192	2182	2156	2180	2142	2188	2179	2202	2188	2168	2168	2173	2168	2179	2161	2174	2156	2202	2217	2166	2124	2140	2136
"eDNA_15"	2388	2407	2387	2446	2381	2363	2402	2377	2375	2435	2375	2382	2380	2431	2392	2430	2355	2420	2363	2452	2396	2427	2371	2325	2380	2385	2403	2401	2372	2333	2414	2397	2411	2396	2380	2362	2340	2365	2382	2396	2369	2363	2399	2433	2388	2358	2413	2381	2444	2384	2370	2371	2420	2355	2417	2346	2377	2381	2395	2421	2399	2372	2366	2406	2410	2388	2383	2394	2382	2431	2418	2421	2428	2371	2357	2390	2396	2399	2372	2421	2430	2367	2416	2401	2388	2375	2379	2430	2387	2383	2429	2409	2343	2365	2412	2389	2368	2400	2425	2374
"eDNA_16"	2471	2521	2503	2504	2489	2453	2475	2447	2515	2498	2480	2475	2508	2497	2537	2492	2491	2492	2528	2473	2490	2475	2511	2486	2445	2441	2496	2493	2472	2542	2476	2478	2479	2465	2520	2489	2513	2537	2478	2535	2521	2478	2502	2484	2457	2550	2480	2438	2485	2470	2461	2494	2489	2521	2489	2504	2469	2551	2482	2507	2477	2472	2509	2479	2481	2510	2516	2486	2511	2480	2488	2486	2493	2487	2469	2482	2505	2555	2513	2548	2487	2413	2488	2511	2516	2514	2500	2533	2455	2483	2501	2508	2494	2491	2507	2473	2482	2526	2451	2522
"eDNA_17"	3323	3350	3349	3355	3299	3324	3357	3312	3334	3348	3330	3324	3334	3329	3291	3376	3305	3332	3311	3317	3346	3321	3324	3355	3365	3333	3345	3291	3356	3316	3333	3310	3328	3319	3315	3325	3285	3305	3362	3362	3341	3369	3329	3347	3373	3347	3315	3333	3316	3325	3304	3340	3303	3310	3327	3326	3302	3269	3318	3317	3307	3318	3304	3309	3333	3359	3331	3312	3372	3355	3340	3335	3337	3348	3324	3369	3299	3302	3304	3296	3367	3313	3352	3326	3320	3328	3306	3332	3317	3325	3309	3347	3338	3394	3346	3361	3329	3322	3350	3357
"eDNA_18"	4401	4405	4347	4400	4378	4418	4383	4396	4353	4426	4396	4367	4420	4382	4321	4393	4393	4440	4390	4431	4397	4393	4381	4399	4382	4389	4437	4362	4334	4421	4379	4339	4344	4326	4356	4394	4355	4477	4398	4391	4432	4327	4395	4416	4421	4344	4453	4372	4412	4400	4402	4385	4338	4413	4364	4399	4351	4400	4397	4364	4362	4426	4367	4386	4350	4366	4390	4383	4372	4359	4391	4427	4420	4455	4433	4463	4427	4428	4383	4386	4450	4407	4385	4419	4408	4418	4394	4420	4406	4464	4391	4337	4406	4385	4372	4327	4394	4438	4393	4411
"eDNA_19"	598	604	608	613	610	610	619	605	643	629	627	602	610	588	613	613	618	593	613	589	608	605	627	613	595	602	606	618	582	592	608	603	605	586	620	596	628	614	599	601	595	622	621	645	614	612	610	608	615	595	614	619	601	609	607	612	602	610	597	609	589	608	637	612	596	590	626	603	608	619	585	616	587	613	597	608	606	614	602	636	609	606	634	625	602	625	604	606	630	605	588	605	612	620	621	637	608	604	619	645
"eDNA_20"	4660	4605	4602	4629	4583	4632	4657	4668	4618	4576	4579	4694	4661	4618	4599	4635	4580	4580	4587	4664	4611	4603	4654	4624	4694	4671	4665	4610	4659	4643	4666	4577	4641	4587	4626	4627	4621	4481	4665	4657	4628	4545	4645	4679	4571	4602	4616	4634	4625	4619	4626	4666	4642	4645	4584	4617	4607	4625	4590	4657	4646	4585	4615	4621	4639	4658	4640	4646	4630	4687	4669	4570	4649	4612	4687	4680	4677	4605	4648	4635	4729	4626	4576	4630	4588	4611	4619	4612	4687	4606	4663	4575	4691	4661	4696	4636	4628	4645	4547	4591
"eDNA_21"	1217	1205	1240	1224	1210	1183	1199	1160	1223	1192	1213	1191	1208	1231	1198	1234	1191	1208	1210	1237	1179	1211	1190	1235	1226	1222	1196	1198	1243	1225	1214	1226	1208	1220	1190	1239	1249	1197	1190	1195	1182	1190	1200	1198	1228	1208	1239	1236	1210	1209	1211	1237	1230	1227	1200	1209	1197	1192	1213	1208	1216	1193	1215	1190	1192	1239	1215	1212	1222	1206	1199	1246	1212	1226	1239	1236	1196	1244	1140	1229	1221	1220	1199	1204	1178	1225	1214	1226	1214	1246	1210	1219	1200	1200	1218	1200	1192	1196	1209	1199
"eDNA_22"	5158	5145	5183	5222	5148	5171	5179	5209	5160	5176	5146	5223	5136	5211	5147	5152	5213	5179	5123	5209	5192	5196	5201	5136	5212	5145	5154	5159	5155	5202	5247	5171	5171	5159	5226	5167	5192	5248	5197	5194	5191	5169	5182	5178	5144	5166	5189	5187	5176	5176	5112	5201	5146	5176	5211	5117	5164	5127	5173	5191	5189	5152	5159	5106	5249	5198	5173	5163	5129	5159	5134	5102	5154	5220	5190	5102	5223	5197	5163	5124	5192	5120	5152	5217	5243	5194	5146	5129	5110	5116	5142	5186	5142	5211	5178	5201	5145	5155	5186	5215
"eDNA_23"	2391	2415	2417	2410	2411	2405	2401	2395	2387	2416	2403	2413	2410	2396	2391	2390	2386	2409	2403	2407	2382	2390	2376	2404	2399	2406	2409	2390	2394	2398	2394	2399	2406	2404	2398	2399	2399	2416	2405	2423	2411	2388	2409	2416	2405	2393	2387	2400	2412	2396	2380	2396	2417	2406	2387	2384	2401	2401	2396	2389	2391	2400	2401	2396	2407	2400	2392	2416	2410	2405	2388	2405	2412	2390	2420	2409	2391	2411	2390	2394	2406	2412	2392	2406	2398	2398	2419	2406	2406	2418	2405	2412	2412	2406	2424	2389	2412	2417	2394	2384
"eDNA_24"	3081	3073	3128	3124	3115	3089	3110	3137	3160	3102	3140	3112	3111	3112	3078	3111	3091	3128	3127	3094	3124	3094	3119	3101	3101	3129	3139	3137	3136	3101	3070	3097	3113	3110	3089	3131	3107	3116	3111	3124	3102	3081	3136	3118	3142	3159	3117	3133	3123	3130	3110	3120	3109	3122	3056	3087	3091	3089	3096	3122	3111	3128	3133	3093	3117	3082	3107	3114	3078	3149	3088	3113	3113	3142	3098	3156	3114	3107	3108	3072	3121	3117	3076	3111	3140	3108	3100	3098	3085	3132	3087	3079	3166	3075	3101	3125	3137	3093	3116	3148
"eDNA_25"	2005	1962	1995	2012	1975	2019	2045	2011	1990	2002	1984	2018	2073	2013	1986	2039	1974	2005	1998	2023	1971	1974	1988	2005	1973	1995	1988	1987	2012	2035	1969	1989	2011	1996	2024	2018	1955	2009	1995	1980	2036	2008	1947	2004	1998	2031	1967	1983	1968	1993	2080	1960	2000	2020	1983	1980	2011	2023	2027	2020	1991	1982	2066	1976	2018	2012	1987	2010	2039	1975	1987	2002	1999	1966	1983	1983	1977	1995	2023	2000	1995	1964	2013	2020	2027	1979	2001	1998	2007	2007	2011	1994	1970	2017	1986	1983	1973	2037	1979	1985
"eDNA_26"	418	424	426	399	427	412	421	394	388	416	416	384	414	400	417	414	415	409	428	409	395	397	400	414	396	409	415	402	425	399	398	432	436	415	416	417	397	389	413	415	419	402	400	398	411	399	412	405	389	421	384	404	412	427	418	406	368	386	393	415	423	418	412	406	395	395	415	404	402	415	393	396	427	417	403	431	405	391	403	420	419	408	404	386	393	423	412	404	420	415	410	419	421	397	387	406	376	414	395	412
"eDNA_27"	2405	2404	2354	2384	2360	2410	2446	2409	2431	2407	2364	2401	2398	2388	2373	2404	2406	2365	2419	2420	2480	2387	2359	2355	2403	2405	2454	2374	2415	2349	2407	2405	2374	2404	2379	2353	2427	2402	2437	2351	2395	2348	2425	2388	2399	2365	2358	2409	2394	2371	2403	2456	2420	2397	2400	2374	2393	2442	2424	2394	2427	2385	2385	2341	2404	2421	2396	2462	2438	2401	2438	2412	2409	2403	2404	2413	2429	2383	2378	2444	2366	2416	2378	2374	2357	2423	2376	2406	2398	2421	2414	2434	2391	2384	2471	2411	2350	2403	2405	2382
"eDNA_28"	1466	1431	1445	1484	1469	1408	1487	1468	1448	1435	1403	1461	1447	1385	1481	1435	1421	1519	1446	1438	1412	1446	1455	1443	1453	1460	1450	1512	1429	1415	1448	1435	1459	1446	1453	1447	1478	1463	1455	1421	1485	1449	1474	1454	1424	1399	1430	1454	1414	1437	1428	1476	1450	1437	1471	1450	1454	1400	1448	1458	1438	1431	1422	1470	1434	1452	1463	1448	1482	1479	1469	1455	1461	1452	1391	1476	1442	1448	1408	1450	1419	1496	1432	1490	1478	1431	1407	1498	1460	1469	1458	1431	1411	1440	1458	1476	1468	1424	1477	1422
"eDNA_29"	3383	3334	3411	3395	3419	3454	3442	3405	3344	3385	3300	3393	3383	3387	3404	3371	3348	3429	3399	3373	3343	3418	3372	3351	3329	3325	3382	3411	3406	3338	3380	3370	3418	3389	3420	3388	3370	3445	3378	3384	3403	3334	3447	3379	3382	3336	3373	3418	3362	3336	3381	3434	3290	3351	3366	3374	3382	3397	3380	3361	3343	3367	3378	3409	3407	3418	3423	3397	3390	3418	3446	3387	3400	3370	3327	3431	3369	3392	3432	3408	3392	3431	3363	3376	3373	3351	3343	3365	3363	3402	3391	3386	3387	3389	3394	3348	3397	3397	3395	3370
"eDNA_30"	3349	3341	3334	3335	3313	3385	3384	3314	3340	3364	3341	3299	3322	3377	3332	3383	3386	3305	3282	3355	3321	3345	3395	3374	3397	3347	3356	3325	3361	3362	3346	3313	3349	3368	3363	3348	3320	3356	3364	3312	3351	3323	3317	3368	3292	3295	3309	3326	3366	3366	3326	3302	3324	3373	3339	3336	3306	3327	3238	3319	3366	3318	3345	3346	3360	3332	3331	3344	3304	3366	3327	3291	3319	3355	3365	3305	3293	3368	3338	3396	3367	3305	3327	3289	3286	3348	3344	3349	3366	3325	3324	3327	3323	3359	3316	3361	3329	3345	3369	3367
"eDNA_31"	1969	1944	1969	1957	1918	1919	1926	1957	1894	1959	1961	1947	1915	1943	1979	1935	1960	1905	1908	1897	1930	1935	1966	1930	1927	1932	1913	1931	1942	1938	1947	1921	1927	1933	1964	1935	1899	1937	1929	1952	1971	1946	1953	1897	1917	1931	1920	1952	1935	1937	1938	1946	1932	1982	1961	1953	1942	1955	1935	1935	1967	1929	1917	1918	1942	1902	1923	1918	1948	1925	1923	1926	1964	1945	1934	1962	1967	1935	1953	1902	1892	1945	1898	1928	1931	1945	1911	1946	1902	1961	1938	1915	1914	1892	1956	1917	1954	1907	1906	1928
"eDNA_32"	2085	2062	2094	2106	2114	2071	2067	2096	2056	2110	2074	2093	2060	2081	2095	2067	2062	2051	2085	2072	2079	2060	2078	2102	2076	2061	2077	2078	2029	2112	2061	2068	2059	2066	2093	2104	2056	2062	2100	2087	2060	2090	2075	2044	2097	2069	2101	2069	2100	2064	2056	2131	2060	2085	2091	2126	2109	2069	2064	2047	2105	2096	2082	2085	2048	2071	2129	2076	2080	2083	2085	2073	2083	2070	2067	2077	2104	2080	2087	2121	2106	2086	2093	2083	2058	2074	2067	2087	2065	2087	2060	2085	2077	2084	2108	2021	2053	2080	2077	2086
"eDNA_33"	2411	2378	2344	2430	2379	2382	2391	2437	2387	2441	2406	2413	2430	2371	2440	2349	2469	2379	2386	2377	2362	2411	2383	2414	2385	2407	2384	2411	2385	2383	2333	2374	2362	2402	2373	2452	2357	2391	2437	2435	2394	2384	2370	2380	2379	2384	2375	2391	2399	2407	2398	2440	2375	2320	2375	2355	2376	2362	2387	2369	2375	2405	2363	2354	2357	2416	2397	2326	2432	2360	2398	2320	2410	2347	2372	2416	2406	2439	2453	2393	2431	2317	2447	2403	2398	2417	2435	2389	2407	2405	2385	2416	2401	2380	2405	2409	2386	2396	2426	2360
"eDNA_34"	5326	5250	5341	5264	5301	5230	5245	5270	5323	5310	5321	5259	5282	5317	5311	5344	5315	5236	5316	5316	5330	5305	5305	5304	5208	5256	5340	5314	5259	5305	5270	5267	5312	5280	5222	5320	5260	5283	5253	5285	5226	5319	5280	5308	5284	5263	5309	5288	5267	5326	5301	5252	5261	5342	5281	5341	5239	5273	5283	5338	5289	5327	5265	5232	5263	5267	5372	5293	5274	5284	5289	5268	5243	5257	5321	5230	5350	5313	5253	5303	5264	5280	5284	5285	5379	5286	5251	5291	5282	5255	5260	5290	5299	5266	5301	5297	5347	5255	5232	5283
"eDNA_35"	1419	1450	1489	1424	1427	1461	1446	1447	1456	1407	1452	1476	1454	1433	1423	1435	1426	1450	1430	1434	1417	1452	1455	1424	1404	1410	1458	1391	1381	1456	1466	1415	1448	1440	1445	1408	1414	1393	1398	1447	1381	1416	1465	1407	1418	1421	1462	1451	1410	1426	1438	1472	1433	1412	1383	1395	1439	1450	1398	1452	1418	1432	1452	1404	1452	1428	1425	1449	1404	1405	1400	1394	1430	1390	1458	1407	1379	1436	1398	1402	1431	1431	1423	1408	1423	1441	1415	1440	1467	1458	1454	1407	1418	1450	1443	1416	1423	1447	1418	1421
"eDNA_36"	2656	2693	2649	2607	2659	2614	2621	2669	2626	2675	2666	2652	2681	2675	2690	2671	2624	2676	2661	2697	2625	2648	2681	2604	2636	2607	2667	2667	2621	2656	2648	2650	2639	2671	2650	2677	2607	2608	2647	2615	2618	2652	2666	2653	2670	2648	2663	2674	2642	2721	2588	2658	2636	2659	2617	2678	2681	2658	2668	2635	2651	2674	2643	2637	2636	2661	2610	2660	2666	2665	2632	2668	2633	2640	2626	2636	2640	2634	2646	2658	2645	2667	2652	2637	2601	2644	2691	2603	2673	2618	2652	2672	2657	2660	2666	2663	2619	2640	2687	2639
"eDNA_37"	2557	2519	2485	2536	2499	2537	2493	2520	2537	2525	2528	2518	2530	2481	2465	2512	2559	2476	2499	2480	2516	2470	2479	2555	2530	2498	2477	2497	2499	2467	2494	2466	2516	2459	2542	2471	2468	2477	2516	2469	2460	2552	2496	2528	2463	2485	2524	2487	2516	2471	2493	2468	2518	2481	2493	2508	2480	2511	2481	2524	2507	2473	2528	2523	2534	2476	2485	2541	2514	2502	2482	2459	2504	2522	2485	2487	2498	2443	2483	2535	2537	2488	2466	2502	2473	2511	2532	2482	2474	2482	2493	2528	2547	2522	2506	2493	2470	2468	2483	2481
"eDNA_38"	1155	1159	1144	1152	1152	1137	1136	1166	1109	1163	1156	1141	1154	1165	1156	1160	1144	1152	1141	1157	1138	1165	1140	1128	1149	1140	1142	1186	1136	1155	1134	1135	1182	1149	1114	1152	1160	1145	1168	1141	1161	1207	1158	1131	1092	1148	1147	1127	1167	1166	1171	1082	1138	1166	1155	1147	1127	1114	1176	1170	1163	1147	1165	1134	1115	1152	1191	1126	1186	1136	1151	1174	1136	1152	1156	1194	1155	1135	1161	1175	1165	1187	1155	1114	1151	1149	1212	1165	1178	1163	1199	1138	1155	1139	1166	1166	1148	1151	1121	1126
"eDNA_39"	1315	1346	1346	1361	1348	1341	1327	1382	1340	1314	1331	1335	1341	1340	1386	1354	1341	1355	1365	1355	1341	1339	1388	1321	1363	1343	1325	1357	1352	1347	1323	1338	1335	1326	1324	1346	1337	1353	1365	1327	1321	1318	1335	1335	1350	1333	1307	1392	1313	1363	1344	1305	1368	1366	1365	1330	1331	1367	1328	1356	1330	1353	1377	1374	1352	1320	1329	1339	1329	1351	1376	1345	1319	1316	1362	1315	1350	1395	1330	1319	1350	1339	1365	1345	1323	1387	1339	1308	1312	1347	1373	1305	1363	1363	1288	1387	1348	1344	1341	1340
"eDNA_40"	324	317	314	328	311	307	331	291	338	304	311	337	325	322	320	300	327	324	305	339	324	300	329	315	324	309	325	339	329	331	315	334	321	314	330	318	324	318	342	304	335	327	318	323	308	300	310	300	312	332	320	302	303	323	330	325	319	336	306	320	338	329	323	315	340	335	348	326	318	313	316	314	311	309	301	349	310	325	325	316	302	319	318	294	317	328	331	301	330	338	301	311	317	335	315	327	326	322	325	322
"eDNA_41"	2769	2720	2760	2757	2734	2759	2682	2736	2763	2779	2712	2753	2722	2739	2712	2772	2718	2726	2730	2719	2749	2708	2774	2729	2736	2717	2775	2724	2733	2723	2776	2751	2735	2747	2754	2760	2731	2734	2765	2763	2722	2768	2713	2737	2773	2728	2747	2750	2720	2753	2742	2751	2750	2727	2704	2730	2734	2727	2728	2749	2775	2737	2778	2753	2750	2734	2761	2750	2732	2727	2757	2732	2783	2769	2769	2746	2771	2756	2730	2739	2771	2709	2712	2717	2718	2770	2753	2704	2758	2736	2737	2724	2740	2749	2759	2732	2761	2747	2729	2738
"eDNA_42"	2650	2632	2682	2697	2700	2706	2664	2636	2669	2709	2699	2647	2697	2709	2674	2751	2684	2664	2728	2710	2659	2695	2711	2632	2634	2635	2695	2665	2704	2698	2631	2667	2695	2707	2724	2640	2695	2697	2671	2663	2743	2709	2654	2693	2646	2673	2679	2627	2708	2701	2672	2703	2599	2657	2657	2739	2595	2659	2648	2633	2639	2655	2648	2717	2656	2688	2725	2715	2670	2711	2648	2706	2710	2665	2662	2721	2663	2695	2694	2646	2629	2652	2685	2651	2679	2722	2701	2716	2646	2692	2702	2730	2680	2668	2704	2685	2631	2694	2656	2657
"eDNA_43"	2681	2641	2682	2684	2689	2651	2656	2648	2697	2651	2603	2670	2705	2687	2619	2629	2629	2677	2710	2694	2693	2645	2675	2619	2658	2686	2633	2669	2679	2689	2648	2658	2718	2702	2690	2661	2644	2702	2667	2651	2655	2643	2642	2653	2662	2700	2672	2723	2731	2670	2642	2669	2705	2638	2677	2700	2681	2695	2720	2682	2713	2659	2615	2650	2636	2670	2669	2666	2643	2699	2635	2674	2707	2686	2700	2655	2668	2650	2619	2691	2711	2619	2679	2718	2645	2619	2705	2641	2686	2660	2668	2669	2649	2642	2641	2704	2671	2646	2714	2711
"eDNA_44"	1826	1806	1822	1813	1843	1788	1779	1822	1835	1813	1797	1850	1808	1803	1811	1807	1815	1802	1784	1813	1809	1804	1800	1847	1761	1803	1835	1834	1813	1804	1837	1813	1815	1837	1841	1812	1827	1825	1749	1788	1788	1805	1792	1811	1820	1804	1823	1799	1814	1842	1809	1825	1844	1830	1842	1810	1847	1791	1807	1846	1875	1793	1842	1792	1776	1827	1813	1831	1813	1795	1838	1817	1802	1798	1830	1800	1844	1802	1788	1792	1818	1837	1832	1830	1816	1785	1807	1779	1857	1784	1786	1820	1777	1799	1804	1793	1834	1805	1799	1848
"eDNA_45"	2087	2093	2084	2112	2097	2103	2073	2090	2084	2129	2131	2137	2111	2113	2084	2094	2070	2125	2065	2119	2106	2108	2097	2106	2112	2062	2108	2084	2101	2106	2077	2079	2115	2096	2130	2092	2060	2104	2110	2064	2106	2072	2100	2125	2099	2050	2093	2067	2097	2120	2093	2082	2125	2112	2114	2135	2092	2125	2084	2109	2142	2107	2099	2122	2072	2122	2089	2077	2107	2121	2171	2110	2056	2096	2116	2068	2110	2103	2114	2100	2144	2076	2141	2125	2118	2108	2081	2129	2100	2124	2050	2099	2054	2135	2099	2104	2129	2110	2116	2104
"eDNA_46"	1074	1084	1095	1102	1082	1094	1092	1087	1130	1088	1084	1043	1074	1088	1094	1083	1097	1086	1057	1077	1102	1101	1086	1072	1104	1066	1087	1128	1084	1091	1079	1089	1094	1102	1091	1068	1080	1095	1056	1066	1047	1119	1128	1050	1076	1054	1086	1090	1089	1102	1104	1104	1050	1122	1112	1073	1095	1053	1106	1111	1094	1118	1099	1063	1073	1093	1082	1073	1103	1092	1117	1030	1069	1099	1101	1071	1105	1073	1046	1084	1127	1066	1115	1068	1089	1078	1102	1075	1067	1067	1095	1078	1097	1066	1087	1049	1065	1101	1115	1088
"eDNA_47"	2156	2115	2120	2139	2136	2130	2130	2116	2110	2096	2131	2140	2111	2142	2094	2176	2088	2099	2140	2141	2138	2123	2124	2146	2140	2117	2169	2126	2129	2113	2149	2167	2152	2131	2105	2130	2090	2137	2138	2179	2094	2104	2126	2109	2113	2135	2143	2143	2090	2101	2145	2112	2105	2157	2140	2152	2120	2092	2163	2133	2089	2121	2103	2117	2163	2140	2169	2127	2128	2141	2121	2163	2103	2169	2080	2107	2119	2151	2136	2146	2109	2111	2083	2104	2113	2095	2132	2092	2127	2114	2105	2176	2102	2166	2124	2113	2091	2102	2213	2128
"eDNA_48"	1086	1091	1071	1049	1115	1120	1099	1083	1086	1075	1079	1107	1047	1080	1096	1078	1089	1116	1106	1071	1096	1083	1072	1062	1102	1076	1057	1067	1082	1083	1099	1053	1126	1057	1079	1125	1095	1068	1067	1069	1114	1063	1048	1083	1085	1095	1077	1075	1089	1066	1056	1101	1092	1084	1076	1087	1054	1091	1068	1075	1097	1077	1089	1091	1065	1085	1067	1085	1108	1111	1101	1108	1081	1080	1053	1068	1093	1086	1049	1096	1091	1099	1105	1089	1082	1061	1082	1079	1112	1065	1101	1080	1069	1049	1057	1065	1087	1077	1108	1095
"eDNA_49"	5297	5233	5285	5229	5255	5214	5212	5274	5282	5283	5262	5301	5230	5279	5270	5269	5284	5342	5294	5370	5226	5273	5286	5313	5305	5251	5250	5194	5368	5312	5213	5213	5223	5264	5277	5285	5290	5219	5351	5234	5249	5347	5241	5319	5226	5311	5305	5299	5274	5283	5218	5238	5225	5288	5254	5250	5265	5269	5274	5255	5315	5272	5299	5246	5267	5265	5234	5282	5304	5282	5225	5302	5264	5362	5281	5279	5251	5242	5315	5227	5295	5157	5299	5293	5289	5275	5305	5343	5299	5317	5190	5266	5299	5343	5191	5320	5226	5294	5274	5267
"eDNA_50"	4313	4365	4358	4370	4326	4401	4320	4361	4355	4308	4375	4388	4341	4390	4353	4377	4393	4419	4308	4351	4373	4318	4428	4390	4384	4345	4348	4385	4366	4345	4336	4372	4378	4379	4305	4390	4364	4347	4340	4432	4350	4340	4315	4335	4336	4318	4357	4359	4399	4306	4344	4359	4348	4283	4348	4325	4308	4362	4327	4433	4354	4305	4356	4352	4365	4405	4354	4318	4315	4406	4369	4270	4304	4381	4392	4403	4429	4336	4364	4318	4328	4353	4406	4306	4387	4347	4342	4407	4394	4359	4333	4348	4381	4331	4343	4314	4374	4359	4325	4305
"eDNA_51"	3467	3496	3432	3452	3465	3498	3497	3470	3501	3497	3478	3526	3470	3533	3488	3429	3488	3480	3461	3478	3507	3467	3479	3446	3444	3502	3469	3477	3455	3466	3501	3478	3540	3442	3478	3452	3438	3496	3505	3511	3508	3447	3473	3483	3517	3501	3445	3463	3463	3470	3455	3470	3451	3500	3485	3450	3489	3451	3481	3440	3487	3454	3458	3454	3501	3495	3484	3501	3446	3484	3468	3454	3495	3458	3450	3452	3501	3508	3475	3453	3494	3473	3442	3440	3505	3481	3462	3492	3476	3489	3509	3497	3477	3436	3509	3457	3463	3475	3482	3518
"eDNA_52"	4662	4663	4628	4603	4624	4627	4599	4530	4544	4591	4581	4614	4616	4609	4705	4634	4611	4621	4597	4633	4561	4647	4555	4614	4657	4610	4605	4624	4596	4603	4656	4608	4634	4604	4623	4656	4563	4628	4590	4603	4616	4614	4622	4648	4614	4596	4547	4675	4644	4586	4583	4627	4618	4603	4609	4616	4664	4556	4638	4590	4665	4663	4590	4570	4613	4564	4664	4557	4620	4599	4608	4632	4613	4567	4636	4570	4653	4656	4638	4576	4666	4642	4611	4609	4550	4588	4622	4619	4629	4651	4564	4547	4628	4589	4654	4631	4574	4611	4584	4632
"eDNA_53"	2202	2193	2121	2177	2175	2153	2151	2213	2209	2193	2159	2203	2220	2203	2187	2170	2205	2134	2225	2195	2193	2154	2210	2168	2143	2174	2171	2168	2193	2157	2237	2215	2172	2149	2236	2198	2193	2174	2202	2200	2150	2176	2153	2196	2173	2177	2212	2185	2201	2140	2176	2198	2164	2201	2190	2199	2183	2199	2150	2142	2201	2206	2178	2164	2174	2179	2172	2136	2187	2170	2198	2161	2211	2206	2181	2159	2144	2154	2185	2167	2193	2135	2142	2206	2168	2216	2164	2211	2194	2190	2168	2213	2175	2155	2168	2160	2194	2167	2162	2199
"eDNA_54"	246	256	260	270	252	258	282	265	258	249	259	259	290	269	246	263	270	241	245	257	263	268	275	264	268	265	276	249	270	257	249	272	282	264	283	264	257	276	253	268	263	266	267	254	274	257	284	254	273	267	252	259	256	247	262	268	259	260	269	252	272	263	287	291	243	254	263	270	270	244	249	269	257	262	269	263	266	266	267	267	270	293	273	291	271	262	255	271	261	244	265	252	265	266	269	276	267	276	256	249
"eDNA_55"	1100	1050	1101	1048	1070	1066	1075	1058	1054	1058	1075	1052	1067	1098	1094	1071	1045	1061	1062	1106	1065	1055	1073	1082	1040	1076	1107	1133	1062	1116	1065	1079	1126	1074	1078	1056	1058	1063	1095	1091	1097	1057	1062	1110	1064	1074	1107	1086	1083	1078	1092	1064	1069	1098	1080	1075	1080	1076	1055	1065	1102	1080	1091	1101	1063	1063	1094	1087	1057	1035	1070	1109	1063	1066	1062	1105	1029	1134	1080	1108	1065	1094	1059	1078	1108	1095	1055	1084	1111	1050	1055	1095	1064	1093	1076	1109	1087	1103	1071	1044
"eDNA_56"	1102	1134	1129	1118	1128	1101	1137	1113	1161	1124	1106	1128	1116	1130	1110	1137	1128	1117	1142	1152	1146	1154	1137	1130	1127	1102	1141	1144	1143	1180	1098	1143	1154	1098	1117	1138	1140	1130	1141	1111	1136	1153	1116	1126	1126	1161	1146	1159	1141	1137	1122	1144	1108	1147	1103	1123	1136	1153	1126	1143	1131	1097	1151	1080	1143	1155	1141	1123	1143	1121	1138	1136	1135	1136	1137	1133	1125	1151	1125	1126	1153	1133	1130	1115	1142	1139	1120	1117	1153	1109	1137	1138	1104	1141	1108	1105	1127	1135	1153	1135
"eDNA_57"	2220	2217	2220	2229	2228	2217	2225	2221	2215	2226	2221	2221	2215	2221	2223	2219	2217	2217	2223	2219	2218	2230	2221	2224	2223	2220	2217	2219	2222	2217	2226	2217	2218	2221	2220	2225	2224	2218	2220	2218	2222	2217	2221	2222	2229	2227	2215	2225	2211	2213	2221	2223	2215	2220	2220	2213	2218	2222	2219	2221	2210	2217	2217	2228	2222	2220	2225	2218	2222	2223	2220	2214	2218	2230	2219	2229	2223	2220	2228	2225	2224	2221	2214	2225	2226	2218	2220	2219	2216	2226	2221	2219	2214	2212	2219	2223	2215	2223	2221	2222
"eDNA_58"	4474	4507	4444	4485	4415	4452	4469	4494	4476	4444	4479	4510	4457	4520	4452	4488	4438	4477	4411	4435	4506	4522	4487	4466	4482	4482	4485	4507	4442	4468	4447	4438	4446	4465	4443	4536	4458	4450	4450	4421	4445	4451	4409	4491	4463	4483	4469	4516	4521	4483	4473	4483	4521	4506	4494	4478	4483	4496	4483	4494	4431	4479	4452	4514	4489	4492	4461	4477	4440	4511	4513	4444	4508	4522	4498	4404	4446	4439	4478	4457	4465	4405	4487	4439	4425	4427	4509	4397	4432	4458	4489	4447	4439	4457	4423	4474	4501	4496	4454	4492
